[root, func_val, status] = bisection(@f, -100, +100, 1e-10, 1e-10, 1000)

root =

   -3.1831


func_val =

   1.3657e-11


status =

     0